0 0.532570 0.600352 0.092430 0.122066
0 0.532570 0.600352 0.092430 0.122066
0 0.477773 0.772887 0.070863 0.053991
0 0.295995 0.838908 0.063820 0.075704
0 0.455106 0.844484 0.078345 0.080986
0 0.755722 0.866784 0.159331 0.052817
0 0.373239 0.842430 0.074824 0.072183
0 0.236796 0.178110 0.064261 0.060446
0 0.228213 0.833333 0.060299 0.082160
0 0.301937 0.170188 0.050176 0.070423
0 0.756822 0.338028 0.135123 0.034038
0 0.033231 0.954812 0.061180 0.090376
0 0.096611 0.953345 0.060299 0.093310
0 0.167914 0.955399 0.079665 0.089202
0 0.351232 0.969484 0.057218 0.061033
0 0.417254 0.967136 0.058979 0.065728
0 0.399208 0.767312 0.073944 0.067488
0 0.303257 0.387324 0.062500 0.116197
0 0.765625 0.383509 0.139525 0.048709
0 0.652069 0.373826 0.061180 0.132629
0 0.172535 0.174589 0.051937 0.061620
0 0.129621 0.795481 0.091109 0.133216
0 0.768706 0.427817 0.140405 0.037559
0 0.745158 0.288439 0.133803 0.058099
0 0.232835 0.598298 0.125000 0.108568
0 0.444102 0.406984 0.066901 0.085094
0 0.619718 0.607101 0.073063 0.120305
0 0.583187 0.371479 0.064261 0.150235
0 0.374560 0.413439 0.064261 0.068662
0 0.456646 0.608275 0.053257 0.076878
0 0.358495 0.149941 0.063820 0.098005
0 0.238116 0.383803 0.068662 0.127934
0 0.721391 0.598298 0.108275 0.141432
0 0.512764 0.398474 0.065141 0.102113
0 0.374560 0.626467 0.077465 0.062793
